1 -1 1 -1 1 -1 1 -1 #SUP: 142 #SID: 5 15 19 21 24 25 34 36 39 49 50 52 61 68 70 76 77 85 89 93 98 103 104 105 110 111 115 124 128 133 151 153 164 167 186 188 190 193 194 195 198 211 213 216 228 234 239 240 242 246 247 255 273 276 277 281 282 283 287 288 292 294 295 297 300 302 306 307 309 317 319 321 326 330 335 340 349 350 355 356 363 365 371 380 383 386 387 388 406 408 415 418 431 438 441 442 453 462 465 467 474 476 481 487 492 494 503 510 511 516 519 522 525 526 527 530 537 550 559 570 572 582 588 591 599 601 612 620 622 633 639 642 654 657 658 659 660 661 662 663 664 669
1 -1 1 -1 1 -1 1 -1 2 -1 #SUP: 81 #SID: 15 19 21 24 34 36 39 49 50 52 61 68 70 76 77 89 93 98 104 110 124 128 164 167 188 195 198 211 240 242 246 255 273 276 277 281 283 287 294 295 302 307 317 319 321 335 340 349 356 363 365 386 387 388 418 431 438 462 494 503 519 522 526 527 537 559 570 572 588 591 599 612 620 639 654 657 658 660 661 664 669
1 -1 1 -1 1 -1 2 -1 #SUP: 171 #SID: 5 7 15 18 19 21 24 26 34 36 38 39 43 45 49 50 52 57 60 61 63 68 69 70 73 76 77 79 80 89 93 98 104 108 110 120 124 128 139 141 156 164 166 167 173 177 182 185 188 191 195 198 202 203 206 211 223 240 242 245 246 249 255 260 265 267 273 275 276 277 280 281 283 285 287 293 294 295 302 307 313 315 317 319 321 322 324 335 340 343 348 349 356 357 363 365 366 367 377 386 387 388 390 393 399 401 402 409 411 418 423 424 431 435 436 438 450 454 462 463 471 477 489 494 503 506 512 519 522 526 527 532 535 537 546 549 559 561 562 564 570 572 575 577 584 585 588 591 593 595 598 599 602 610 611 612 615 620 625 639 643 646 652 654 656 657 658 660 661 664 669
1 -1 1 -1 1 -1 2 -1 3 -1 #SUP: 74 #SID: 7 15 19 26 36 45 69 70 76 80 89 110 139 167 173 177 182 185 191 195 203 206 223 240 242 260 267 276 277 280 283 285 287 295 302 307 315 317 321 349 365 366 377 401 402 409 418 423 424 436 454 471 477 503 506 512 526 535 537 546 561 562 570 591 599 615 620 625 639 654 657 658 660 661
1 -1 1 -1 2 -1 3 -1 #SUP: 117 #SID: 7 10 15 19 26 29 36 44 45 46 69 70 74 76 80 89 92 110 114 137 139 167 173 177 178 182 185 191 195 203 206 209 214 222 223 225 230 240 242 251 254 260 267 276 277 280 283 285 286 287 295 302 305 307 315 317 321 324 329 338 349 365 366 375 377 398 401 402 405 409 416 417 418 422 423 424 425 426 434 436 437 454 458 460 468 470 471 477 503 506 512 514 518 526 535 537 545 546 561 562 570 574 591 599 608 615 620 625 631 637 639 650 654 657 658 660 661
2 -1 1 -1 1 -1 1 -1 #SUP: 161 #SID: 5 7 24 25 26 31 45 49 50 52 60 63 67 70 79 87 90 98 100 111 113 114 115 124 139 140 141 151 154 156 158 161 162 164 167 173 177 184 186 189 190 191 193 194 210 211 213 214 223 228 229 234 239 240 242 247 267 268 273 275 276 280 283 285 292 293 295 297 306 309 313 318 319 321 322 327 330 337 340 348 350 355 357 363 365 366 367 369 371 377 380 383 387 388 390 393 401 404 408 421 423 431 438 441 449 450 453 454 462 465 467 471 474 476 481 487 489 490 492 494 499 501 503 506 511 519 524 525 527 530 532 535 550 561 562 566 570 575 579 591 593 596 600 601 604 605 606 609 610 612 622 623 625 633 642 652 655 656 658 660 664
2 -1 1 -1 1 -1 1 -1 1 -1 #SUP: 78 #SID: 5 24 25 49 50 52 70 98 111 115 124 151 164 167 186 190 193 194 211 213 228 234 239 240 242 247 273 276 283 292 295 297 306 309 319 321 330 340 350 355 363 365 371 380 383 387 388 408 431 438 441 453 462 465 467 474 476 481 487 492 494 503 511 519 525 527 530 550 570 591 601 612 622 633 642 658 660 664
3 -1 2 -1 1 -1 1 -1 #SUP: 109 #SID: 1 26 70 84 87 90 98 100 111 113 114 115 116 124 126 136 139 140 148 151 163 177 179 184 189 191 193 194 200 207 208 211 212 214 220 223 228 229 238 244 245 247 254 267 268 274 276 278 283 292 316 322 327 348 357 367 374 376 377 380 385 396 404 405 407 412 413 414 423 429 430 431 432 451 452 462 465 467 470 471 476 487 489 492 501 506 511 519 527 528 532 547 570 579 596 600 609 617 619 622 623 625 629 655 656 664 666 670 674
4 -1 2 -1 1 -1 1 -1 #SUP: 68 #SID: 9 31 37 50 56 59 64 67 92 101 142 150 152 154 156 161 162 167 209 213 219 234 239 270 275 293 312 313 333 334 341 347 359 366 370 371 375 401 403 421 422 434 446 450 453 454 473 474 490 497 499 512 520 524 553 561 562 566 593 603 606 610 633 638 642 648 649 652
12 -1 13 -1 14 -1 14 -1 #SUP: 106 #SID: 2 4 12 15 19 21 27 30 44 45 52 55 59 65 69 115 117 124 130 132 135 136 141 142 150 173 175 184 185 190 200 204 208 221 225 246 248 249 250 251 252 255 259 261 271 276 277 282 286 295 299 301 306 313 317 323 327 337 338 349 356 370 374 375 386 388 392 398 403 406 409 424 428 437 447 449 450 459 469 470 477 478 479 482 495 500 504 514 526 541 542 565 569 581 582 588 599 607 608 614 629 630 658 659 661 672
13 -1 13 -1 14 -1 14 -1 #SUP: 71 #SID: 9 21 32 36 39 40 51 60 70 97 120 159 165 168 178 183 199 206 213 216 222 237 244 256 257 264 274 275 307 311 315 335 337 340 346 350 363 366 396 408 416 418 422 426 456 468 471 478 480 488 505 514 515 517 522 532 537 546 559 570 574 583 620 624 625 635 637 646 653 654 665
13 -1 14 -1 14 -1 14 -1 #SUP: 173 #SID: 1 2 4 21 27 29 30 32 36 39 40 43 44 45 49 51 54 55 59 61 65 66 67 69 70 76 90 97 115 119 124 127 132 141 142 144 150 153 154 165 168 184 197 199 200 204 213 216 217 222 225 243 244 246 248 250 252 255 257 261 263 264 271 274 275 278 280 282 286 289 290 294 295 299 301 302 307 309 311 315 318 321 323 332 336 337 346 349 350 356 361 362 363 364 366 375 377 383 386 393 396 397 398 408 416 420 422 426 429 431 432 440 446 449 450 458 459 465 467 471 473 475 477 478 479 480 482 487 488 495 500 503 504 506 509 514 518 522 523 530 532 537 541 542 546 549 565 570 574 583 594 599 600 602 608 609 614 624 625 629 630 635 645 646 649 653 654 658 659 661 662 668 674
13 -1 14 -1 14 -1 14 -1 14 -1 #SUP: 82 #SID: 2 29 36 39 44 45 51 65 67 69 76 132 141 144 154 165 168 184 200 216 217 222 225 246 248 257 271 278 286 294 309 318 323 332 336 337 346 356 366 375 377 383 420 422 431 432 446 449 459 479 480 482 487 488 495 504 506 509 514 518 522 523 530 532 537 542 546 549 570 574 583 608 609 614 630 635 645 649 654 661 662 674
14 -1 14 -1 13 -1 12 -1 #SUP: 106 #SID: 4 6 13 17 49 73 78 91 94 99 100 110 112 113 114 129 135 136 146 147 149 157 159 162 163 183 188 197 199 213 225 241 244 245 246 249 258 266 273 281 293 294 299 311 318 319 322 325 332 339 344 350 359 363 367 377 385 392 397 404 422 436 437 452 453 461 467 473 480 484 488 500 505 509 512 518 521 523 527 534 538 541 549 562 566 569 574 576 594 595 603 604 609 615 617 621 624 635 636 651 653 655 662 663 672 674
14 -1 14 -1 14 -1 13 -1 #SUP: 181 #SID: 1 4 9 13 16 17 27 28 29 32 38 49 52 55 59 61 66 67 71 76 78 91 93 94 97 101 110 112 113 114 115 119 123 127 129 134 140 141 144 146 147 154 157 160 161 162 174 176 177 182 183 188 197 199 209 213 217 218 222 225 239 243 244 245 246 248 250 252 261 264 266 274 281 292 293 294 299 307 309 311 314 318 319 321 322 332 337 342 345 346 350 353 355 356 359 363 371 375 377 380 384 386 393 394 397 404 413 420 422 426 429 432 436 448 450 452 453 457 467 473 474 478 480 481 482 484 487 488 494 500 503 506 507 509 512 514 518 519 523 524 527 530 532 534 538 541 542 545 550 555 558 562 574 576 583 592 594 599 604 606 608 609 614 615 619 621 624 633 635 645 646 648 653 655 657 659 662 663 664 670 674
14 -1 14 -1 14 -1 13 -1 12 -1 #SUP: 73 #SID: 4 13 17 49 78 91 94 110 112 113 114 129 146 147 157 162 188 197 199 213 225 244 245 246 266 281 293 294 299 311 318 319 322 332 350 359 363 377 397 404 422 436 452 453 467 473 480 484 488 500 509 512 518 523 527 534 538 541 562 574 576 594 604 609 615 621 624 635 653 655 662 663 674
14 -1 14 -1 14 -1 14 -1 #SUP: 137 #SID: 2 29 36 39 44 45 51 65 67 69 71 76 94 109 110 114 129 132 140 141 144 154 157 161 165 168 170 176 177 182 183 184 186 188 200 209 216 217 222 225 226 239 246 247 248 257 268 271 278 281 283 286 292 294 309 314 318 319 323 332 336 337 345 346 356 359 366 371 375 377 380 383 420 422 431 432 435 446 449 453 457 459 464 479 480 481 482 484 487 488 494 495 504 506 507 509 514 518 522 523 524 527 530 532 534 536 537 542 546 549 550 555 558 570 574 583 589 604 608 609 612 614 615 621 630 633 635 641 645 649 654 655 661 662 663 667 674
14 -1 14 -1 14 -1 14 -1 13 -1 #SUP: 84 #SID: 67 71 76 94 110 114 129 140 141 144 154 157 161 176 177 182 183 188 209 217 222 225 239 246 248 281 292 294 309 314 318 319 332 337 345 346 356 359 371 375 377 380 420 422 432 453 457 480 481 482 484 487 488 494 506 507 509 514 518 523 524 527 530 532 534 542 550 555 558 574 583 604 608 609 614 615 621 633 635 645 655 662 663 674
