1 -1 1 -1 1 -1 1 -1 #SUP: 142 #SID: 5 15 19 21 24 25 34 36 39 49 50 52 61 68 70 76 77 85 89 93 98 103 104 105 110 111 115 124 128 133 151 153 164 167 186 188 190 193 194 195 198 211 213 216 228 234 239 240 242 246 247 255 273 276 277 281 282 283 287 288 292 294 295 297 300 302 306 307 309 317 319 321 326 330 335 340 349 350 355 356 363 365 371 380 383 386 387 388 406 408 415 418 431 438 441 442 453 462 465 467 474 476 481 487 492 494 503 510 511 516 519 522 525 526 527 530 537 550 559 570 572 582 588 591 599 601 612 620 622 633 639 642 654 657 658 659 660 661 662 663 664 669
1 -1 1 -1 1 -1 1 -1 1 -1 #SUP: 57 #SID: 5 25 34 68 85 93 153 167 193 211 213 216 228 234 239 240 246 247 276 281 287 292 297 302 306 309 317 321 326 355 365 371 383 386 387 418 442 462 474 487 516 527 530 537 550 570 572 588 591 612 620 633 639 658 660 662 663
1 -1 1 -1 1 -1 1 -1 2 -1 #SUP: 81 #SID: 15 19 21 24 34 36 39 49 50 52 61 68 70 76 77 89 93 98 104 110 124 128 164 167 188 195 198 211 240 242 246 255 273 276 277 281 283 287 294 295 302 307 317 319 321 335 340 349 356 363 365 386 387 388 418 431 438 462 494 503 519 522 526 527 537 559 570 572 588 591 599 612 620 639 654 657 658 660 661 664 669
1 -1 1 -1 1 -1 1 -1 2 -1 3 -1 #SUP: 36 #SID: 15 19 36 70 76 89 110 167 195 240 242 276 277 283 287 295 302 307 317 321 349 365 418 503 526 537 570 591 599 620 639 654 657 658 660 661
1 -1 1 -1 1 -1 2 -1 #SUP: 171 #SID: 5 7 15 18 19 21 24 26 34 36 38 39 43 45 49 50 52 57 60 61 63 68 69 70 73 76 77 79 80 89 93 98 104 108 110 120 124 128 139 141 156 164 166 167 173 177 182 185 188 191 195 198 202 203 206 211 223 240 242 245 246 249 255 260 265 267 273 275 276 277 280 281 283 285 287 293 294 295 302 307 313 315 317 319 321 322 324 335 340 343 348 349 356 357 363 365 366 367 377 386 387 388 390 393 399 401 402 409 411 418 423 424 431 435 436 438 450 454 462 463 471 477 489 494 503 506 512 519 522 526 527 532 535 537 546 549 559 561 562 564 570 572 575 577 584 585 588 591 593 595 598 599 602 610 611 612 615 620 625 639 643 646 652 654 656 657 658 660 661 664 669
1 -1 1 -1 1 -1 2 -1 2 -1 #SUP: 41 #SID: 34 39 43 50 61 63 68 77 120 124 156 188 198 211 255 275 293 294 322 335 340 367 387 388 390 399 411 435 463 519 527 549 572 575 584 588 591 602 656 664 669
1 -1 1 -1 1 -1 2 -1 3 -1 #SUP: 74 #SID: 7 15 19 26 36 45 69 70 76 80 89 110 139 167 173 177 182 185 191 195 203 206 223 240 242 260 267 276 277 280 283 285 287 295 302 307 315 317 321 349 365 366 377 401 402 409 418 423 424 436 454 471 477 503 506 512 526 535 537 546 561 562 570 591 599 615 620 625 639 654 657 658 660 661
1 -1 1 -1 1 -1 3 -1 #SUP: 60 #SID: 5 23 25 50 85 87 100 103 105 112 115 119 129 133 154 161 189 190 216 234 239 282 292 303 311 318 327 337 372 373 378 383 406 408 415 421 441 442 449 461 487 490 499 501 510 524 525 530 550 566 579 582 600 601 605 606 621 623 659 671
1 -1 1 -1 2 -1 2 -1 #SUP: 66 #SID: 12 14 34 39 43 47 50 61 63 68 77 82 109 120 124 132 156 160 163 168 188 198 207 211 220 255 257 258 275 291 293 294 308 312 322 335 340 357 367 387 388 390 399 407 411 435 448 451 463 509 519 527 544 549 558 572 573 575 584 588 591 602 656 660 664 669
1 -1 1 -1 2 -1 3 -1 #SUP: 117 #SID: 7 10 15 19 26 29 36 44 45 46 69 70 74 76 80 89 92 110 114 137 139 167 173 177 178 182 185 191 195 203 206 209 214 222 223 225 230 240 242 251 254 260 267 276 277 280 283 285 286 287 295 302 305 307 315 317 321 324 329 338 349 365 366 375 377 398 401 402 405 409 416 417 418 422 423 424 425 426 434 436 437 454 458 460 468 470 471 477 503 506 512 514 518 526 535 537 545 546 561 562 570 574 591 599 608 615 620 625 631 637 639 650 654 657 658 660 661
1 -1 1 -1 2 -1 3 -1 4 -1 #SUP: 45 #SID: 7 10 19 44 45 46 70 76 89 110 139 173 178 182 185 206 240 260 276 277 286 305 321 329 338 349 366 416 424 425 426 454 458 460 468 471 477 518 546 631 637 650 654 657 661
1 -1 1 -1 2 -1 4 -1 #SUP: 63 #SID: 9 18 21 24 32 52 60 64 72 73 98 102 104 106 136 141 146 152 166 179 196 197 202 231 233 245 249 265 281 313 343 348 356 359 363 376 386 393 433 438 445 447 459 473 474 479 489 497 522 552 553 575 577 585 586 590 593 595 597 610 656 670 673
1 -1 2 -1 2 -1 3 -1 #SUP: 36 #SID: 11 12 14 43 47 51 68 82 91 120 157 160 163 168 188 211 243 255 258 291 293 312 340 390 407 411 451 463 543 544 555 558 572 602 636 660
1 -1 2 -1 3 -1 4 -1 #SUP: 55 #SID: 7 10 19 28 44 45 46 70 76 83 86 89 110 139 173 176 178 182 185 206 227 240 260 276 277 286 305 321 329 338 349 360 366 404 416 424 425 426 428 454 458 460 468 471 477 492 518 546 594 631 637 650 654 657 661
2 -1 1 -1 1 -1 1 -1 #SUP: 161 #SID: 5 7 24 25 26 31 45 49 50 52 60 63 67 70 79 87 90 98 100 111 113 114 115 124 139 140 141 151 154 156 158 161 162 164 167 173 177 184 186 189 190 191 193 194 210 211 213 214 223 228 229 234 239 240 242 247 267 268 273 275 276 280 283 285 292 293 295 297 306 309 313 318 319 321 322 327 330 337 340 348 350 355 357 363 365 366 367 369 371 377 380 383 387 388 390 393 401 404 408 421 423 431 438 441 449 450 453 454 462 465 467 471 474 476 481 487 489 490 492 494 499 501 503 506 511 519 524 525 527 530 532 535 550 561 562 566 570 575 579 591 593 596 600 601 604 605 606 609 610 612 622 623 625 633 642 652 655 656 658 660 664
2 -1 1 -1 1 -1 1 -1 1 -1 #SUP: 78 #SID: 5 24 25 49 50 52 70 98 111 115 124 151 164 167 186 190 193 194 211 213 228 234 239 240 242 247 273 276 283 292 295 297 306 309 319 321 330 340 350 355 363 365 371 380 383 387 388 408 431 438 441 453 462 465 467 474 476 481 487 492 494 503 511 519 525 527 530 550 570 591 601 612 622 633 642 658 660 664
2 -1 1 -1 1 -1 1 -1 1 -1 1 -1 #SUP: 34 #SID: 5 25 167 193 211 213 228 234 239 240 247 276 292 297 306 309 321 355 365 371 383 387 462 474 487 527 530 550 570 591 612 633 658 660
2 -1 1 -1 1 -1 1 -1 2 -1 #SUP: 45 #SID: 5 7 26 45 60 63 79 139 141 156 173 177 191 223 267 275 280 285 293 313 322 348 357 366 367 377 390 393 401 423 450 454 471 489 506 532 535 561 562 575 593 610 625 652 656
2 -1 1 -1 1 -1 2 -1 #SUP: 61 #SID: 9 32 56 64 92 114 136 146 152 160 163 178 179 187 196 207 209 214 220 253 254 258 291 308 312 324 341 359 370 375 376 385 405 407 416 422 434 451 459 470 473 497 508 509 518 520 544 553 555 573 574 586 597 601 603 608 638 648 656 670 673
2 -1 2 -1 1 -1 1 -1 #SUP: 52 #SID: 7 25 47 50 52 79 141 143 164 173 186 190 210 240 242 253 273 280 285 291 294 295 297 308 319 363 365 369 383 388 389 390 393 408 438 441 459 480 483 488 494 535 550 575 591 601 604 612 628 656 660 673
2 -1 2 -1 1 -1 1 -1 1 -1 #SUP: 37 #SID: 7 25 50 52 79 141 164 173 186 190 210 240 242 273 280 285 295 297 319 363 365 369 383 388 390 393 408 438 441 494 535 550 575 591 604 612 660
2 -1 3 -1 4 -1 5 -1 #SUP: 36 #SID: 7 19 28 45 46 63 67 68 139 157 173 178 185 206 240 260 305 329 349 399 416 424 425 426 448 463 468 477 518 533 544 594 634 637 650 661
3 -1 1 -1 1 -1 1 -1 #SUP: 54 #SID: 18 22 23 30 33 34 38 40 57 76 89 105 108 112 128 129 183 188 192 202 218 259 265 279 281 282 294 299 311 326 331 335 343 373 378 406 411 510 516 533 559 564 572 577 583 592 595 599 611 643 646 657 662 671
3 -1 2 -1 1 -1 1 -1 #SUP: 109 #SID: 1 26 70 84 87 90 98 100 111 113 114 115 116 124 126 136 139 140 148 151 163 177 179 184 189 191 193 194 200 207 208 211 212 214 220 223 228 229 238 244 245 247 254 267 268 274 276 278 283 292 316 322 327 348 357 367 374 376 377 380 385 396 404 405 407 412 413 414 423 429 430 431 432 451 452 462 465 467 470 471 476 487 489 492 501 506 511 519 527 528 532 547 570 579 596 600 609 617 619 622 623 625 629 655 656 664 666 670 674
3 -1 2 -1 1 -1 1 -1 1 -1 #SUP: 66 #SID: 26 70 87 90 98 100 111 113 114 115 124 139 140 151 177 184 189 191 193 194 211 214 223 228 229 247 267 268 276 283 292 322 327 348 357 367 377 380 404 423 431 462 465 467 471 476 487 489 492 501 506 511 519 527 532 570 579 596 600 609 622 623 625 655 656 664
4 -1 2 -1 1 -1 1 -1 #SUP: 68 #SID: 9 31 37 50 56 59 64 67 92 101 142 150 152 154 156 161 162 167 209 213 219 234 239 270 275 293 312 313 333 334 341 347 359 366 370 371 375 401 403 421 422 434 446 450 453 454 473 474 490 497 499 512 520 524 553 561 562 566 593 603 606 610 633 638 642 648 649 652
4 -1 2 -1 1 -1 1 -1 1 -1 #SUP: 34 #SID: 31 50 67 154 156 161 162 167 213 234 239 275 293 313 366 371 401 421 450 453 454 474 490 499 524 561 562 566 593 606 610 633 642 652
4 -1 3 -1 2 -1 1 -1 #SUP: 49 #SID: 0 26 83 87 90 98 113 115 136 151 171 179 189 191 194 200 207 228 245 268 283 292 322 327 348 358 367 376 380 404 413 423 439 452 462 467 470 476 492 501 527 528 557 570 579 596 623 624 666
4 -1 3 -1 2 -1 1 -1 1 -1 #SUP: 42 #SID: 26 87 90 98 113 115 136 151 179 189 191 194 200 207 228 245 268 283 292 322 327 348 367 376 380 404 413 423 452 462 467 470 476 492 501 527 528 570 579 596 623 666
5 -1 3 -1 1 -1 1 -1 #SUP: 37 #SID: 18 22 23 33 41 47 57 76 89 99 106 112 125 128 147 159 183 202 269 294 311 326 335 342 378 437 445 460 505 534 552 577 583 595 643 646 671
10 -1 12 -1 13 -1 14 -1 #SUP: 34 #SID: 2 21 45 52 57 124 132 142 221 225 248 299 301 306 313 317 349 381 386 392 406 409 449 450 463 477 500 514 565 581 588 623 659 661
11 -1 12 -1 13 -1 14 -1 #SUP: 56 #SID: 11 15 30 69 82 86 88 117 135 136 150 166 173 175 185 195 198 200 246 249 250 252 261 276 286 295 312 323 327 338 348 356 374 388 399 403 424 428 437 470 478 495 504 531 582 584 597 599 607 608 614 626 627 650 658 672
11 -1 12 -1 13 -1 14 -1 14 -1 #SUP: 40 #SID: 15 30 69 117 135 136 150 173 175 185 200 246 249 250 252 261 276 286 295 323 327 338 356 374 388 403 424 428 437 470 478 495 504 582 599 607 608 614 658 672
11 -1 13 -1 14 -1 14 -1 #SUP: 54 #SID: 43 61 62 66 90 92 103 119 122 127 130 144 149 153 171 197 204 221 235 243 263 280 289 302 305 321 364 377 383 393 397 420 440 446 458 461 467 487 496 503 509 530 549 556 568 572 577 600 602 645 649 668 672 674
11 -1 13 -1 14 -1 14 -1 14 -1 #SUP: 37 #SID: 43 61 66 90 119 127 144 153 197 204 243 263 280 289 302 321 364 377 383 393 397 420 440 446 458 467 487 503 509 530 549 600 602 645 649 668 674
12 -1 13 -1 14 -1 14 -1 #SUP: 106 #SID: 2 4 12 15 19 21 27 30 44 45 52 55 59 65 69 115 117 124 130 132 135 136 141 142 150 173 175 184 185 190 200 204 208 221 225 246 248 249 250 251 252 255 259 261 271 276 277 282 286 295 299 301 306 313 317 323 327 337 338 349 356 370 374 375 386 388 392 398 403 406 409 424 428 437 447 449 450 459 469 470 477 478 479 482 495 500 504 514 526 541 542 565 569 581 582 588 599 607 608 614 629 630 658 659 661 672
12 -1 13 -1 14 -1 14 -1 14 -1 #SUP: 61 #SID: 2 4 27 30 44 45 55 59 65 69 115 124 132 141 142 150 184 200 204 225 246 248 250 252 255 261 271 282 286 295 299 301 323 337 349 356 375 386 398 449 450 459 477 478 479 482 495 500 504 514 541 542 565 599 608 614 629 630 658 659 661
12 -1 14 -1 14 -1 14 -1 #SUP: 49 #SID: 9 28 38 68 71 78 91 93 94 101 109 123 131 134 147 157 174 182 201 207 209 247 266 268 342 345 361 384 390 395 434 436 443 448 452 457 499 501 507 512 524 536 544 555 558 576 589 631 655
13 -1 13 -1 13 -1 14 -1 #SUP: 35 #SID: 9 21 32 40 51 70 81 183 213 229 237 274 285 287 307 311 315 340 363 366 416 422 468 478 488 489 498 532 559 570 624 625 650 653 665
13 -1 13 -1 14 -1 14 -1 #SUP: 71 #SID: 9 21 32 36 39 40 51 60 70 97 120 159 165 168 178 183 199 206 213 216 222 237 244 256 257 264 274 275 307 311 315 335 337 340 346 350 363 366 396 408 416 418 422 426 456 468 471 478 480 488 505 514 515 517 522 532 537 546 559 570 574 583 620 624 625 635 637 646 653 654 665
13 -1 13 -1 14 -1 14 -1 14 -1 #SUP: 47 #SID: 21 32 36 39 40 51 70 165 168 199 213 216 222 244 257 264 274 275 307 311 315 346 350 363 366 396 408 416 422 426 471 478 480 488 522 532 537 546 570 574 583 624 625 635 646 653 654
13 -1 14 -1 14 -1 13 -1 #SUP: 51 #SID: 1 21 50 73 102 130 135 136 148 149 151 159 171 175 183 208 223 233 237 249 256 269 316 339 370 374 392 403 437 454 456 461 469 470 476 505 554 556 559 563 568 569 572 577 578 581 620 637 638 666 672
13 -1 14 -1 14 -1 14 -1 #SUP: 173 #SID: 1 2 4 21 27 29 30 32 36 39 40 43 44 45 49 51 54 55 59 61 65 66 67 69 70 76 90 97 115 119 124 127 132 141 142 144 150 153 154 165 168 184 197 199 200 204 213 216 217 222 225 243 244 246 248 250 252 255 257 261 263 264 271 274 275 278 280 282 286 289 290 294 295 299 301 302 307 309 311 315 318 321 323 332 336 337 346 349 350 356 361 362 363 364 366 375 377 383 386 393 396 397 398 408 416 420 422 426 429 431 432 440 446 449 450 458 459 465 467 471 473 475 477 478 479 480 482 487 488 495 500 503 504 506 509 514 518 522 523 530 532 537 541 542 546 549 565 570 574 583 594 599 600 602 608 609 614 624 625 629 630 635 645 646 649 653 654 658 659 661 662 668 674
13 -1 14 -1 14 -1 14 -1 13 -1 #SUP: 48 #SID: 1 4 27 29 32 49 55 59 61 66 97 115 119 127 197 199 213 243 244 250 252 261 264 274 299 307 311 321 350 363 386 393 397 426 429 450 467 473 478 500 503 541 594 599 624 646 653 659
13 -1 14 -1 14 -1 14 -1 14 -1 #SUP: 82 #SID: 2 29 36 39 44 45 51 65 67 69 76 132 141 144 154 165 168 184 200 216 217 222 225 246 248 257 271 278 286 294 309 318 323 332 336 337 346 356 366 375 377 383 420 422 431 432 446 449 459 479 480 482 487 488 495 504 506 509 514 518 522 523 530 532 537 542 546 549 570 574 583 608 609 614 630 635 645 649 654 661 662 674
14 -1 13 -1 12 -1 10 -1 #SUP: 40 #SID: 0 4 22 84 98 146 147 149 159 163 188 225 293 322 325 344 392 397 422 436 437 452 473 480 488 505 520 523 534 548 562 595 603 604 621 635 636 651 655 674
14 -1 13 -1 12 -1 11 -1 #SUP: 44 #SID: 5 6 13 35 73 78 94 99 110 112 128 133 136 157 183 197 213 244 246 249 273 294 318 319 343 344 404 453 461 484 500 512 516 518 525 541 561 569 576 617 628 653 663 672
14 -1 13 -1 13 -1 12 -1 #SUP: 36 #SID: 20 33 38 76 77 119 140 148 154 166 177 218 309 355 368 374 378 386 393 429 457 460 482 483 503 507 528 532 572 608 614 616 643 648 657 666
14 -1 13 -1 13 -1 13 -1 #SUP: 35 #SID: 9 21 24 41 61 64 139 183 219 222 297 304 314 315 326 346 351 366 369 384 401 405 478 485 488 498 519 532 557 558 633 650 653 659 665
14 -1 14 -1 13 -1 11 -1 #SUP: 63 #SID: 1 16 52 53 55 71 80 101 102 118 123 126 127 130 134 151 160 161 171 175 208 217 223 237 256 261 269 274 284 292 307 316 321 342 353 370 375 380 394 403 412 420 456 472 476 481 487 506 524 530 550 554 559 581 583 592 598 599 606 619 638 664 670
14 -1 14 -1 13 -1 12 -1 #SUP: 106 #SID: 4 6 13 17 49 73 78 91 94 99 100 110 112 113 114 129 135 136 146 147 149 157 159 162 163 183 188 197 199 213 225 241 244 245 246 249 258 266 273 281 293 294 299 311 318 319 322 325 332 339 344 350 359 363 367 377 385 392 397 404 422 436 437 452 453 461 467 473 480 484 488 500 505 509 512 518 521 523 527 534 538 541 549 562 566 569 574 576 594 595 603 604 609 615 617 621 624 635 636 651 653 655 662 663 672 674
14 -1 14 -1 13 -1 12 -1 11 -1 #SUP: 35 #SID: 6 13 73 78 94 99 110 112 136 157 183 197 213 244 246 249 273 294 318 319 344 404 453 461 484 500 512 518 541 569 576 617 653 663 672
14 -1 14 -1 13 -1 13 -1 #SUP: 67 #SID: 9 21 24 38 61 66 76 77 97 119 140 144 148 154 183 202 218 222 232 238 264 304 309 314 337 346 355 358 368 369 371 374 384 386 393 401 411 429 448 457 478 482 483 494 503 507 508 514 519 528 532 542 555 558 571 572 577 608 614 616 620 645 648 657 659 665 666
14 -1 14 -1 14 -1 12 -1 #SUP: 42 #SID: 2 30 40 90 109 125 131 153 184 186 194 200 201 204 207 226 231 257 268 280 283 289 336 349 361 364 383 396 419 431 446 459 464 465 499 501 536 565 576 641 667 669
14 -1 14 -1 14 -1 13 -1 #SUP: 181 #SID: 1 4 9 13 16 17 27 28 29 32 38 49 52 55 59 61 66 67 71 76 78 91 93 94 97 101 110 112 113 114 115 119 123 127 129 134 140 141 144 146 147 154 157 160 161 162 174 176 177 182 183 188 197 199 209 213 217 218 222 225 239 243 244 245 246 248 250 252 261 264 266 274 281 292 293 294 299 307 309 311 314 318 319 321 322 332 337 342 345 346 350 353 355 356 359 363 371 375 377 380 384 386 393 394 397 404 413 420 422 426 429 432 436 448 450 452 453 457 467 473 474 478 480 481 482 484 487 488 494 500 503 506 507 509 512 514 518 519 523 524 527 530 532 534 538 541 542 545 550 555 558 562 574 576 583 592 594 599 604 606 608 609 614 615 619 621 624 633 635 645 646 648 653 655 657 659 662 663 664 670 674
14 -1 14 -1 14 -1 13 -1 11 -1 #SUP: 36 #SID: 1 16 52 55 71 101 123 127 134 160 161 217 261 274 292 307 321 342 353 375 380 394 420 481 487 506 524 530 550 583 592 599 606 619 664 670
14 -1 14 -1 14 -1 13 -1 12 -1 #SUP: 73 #SID: 4 13 17 49 78 91 94 110 112 113 114 129 146 147 157 162 188 197 199 213 225 244 245 246 266 281 293 294 299 311 318 319 322 332 350 359 363 377 397 404 422 436 452 453 467 473 480 484 488 500 509 512 518 523 527 534 538 541 562 574 576 594 604 609 615 621 624 635 653 655 662 663 674
14 -1 14 -1 14 -1 13 -1 13 -1 #SUP: 43 #SID: 9 38 61 66 76 97 119 140 144 154 183 218 222 264 309 314 337 346 355 371 384 386 393 429 448 457 478 482 494 503 507 514 519 532 542 555 558 608 614 645 648 657 659
14 -1 14 -1 14 -1 14 -1 #SUP: 137 #SID: 2 29 36 39 44 45 51 65 67 69 71 76 94 109 110 114 129 132 140 141 144 154 157 161 165 168 170 176 177 182 183 184 186 188 200 209 216 217 222 225 226 239 246 247 248 257 268 271 278 281 283 286 292 294 309 314 318 319 323 332 336 337 345 346 356 359 366 371 375 377 380 383 420 422 431 432 435 446 449 453 457 459 464 479 480 481 482 484 487 488 494 495 504 506 507 509 514 518 522 523 524 527 530 532 534 536 537 542 546 549 550 555 558 570 574 583 589 604 608 609 612 614 615 621 630 633 635 641 645 649 654 655 661 662 663 667 674
14 -1 14 -1 14 -1 14 -1 13 -1 #SUP: 84 #SID: 67 71 76 94 110 114 129 140 141 144 154 157 161 176 177 182 183 188 209 217 222 225 239 246 248 281 292 294 309 314 318 319 332 337 345 346 356 359 371 375 377 380 420 422 432 453 457 480 481 482 484 487 488 494 506 507 509 514 518 523 524 527 530 532 534 542 550 555 558 574 583 604 608 609 614 615 621 633 635 645 655 662 663 674
14 -1 14 -1 14 -1 14 -1 13 -1 12 -1 #SUP: 35 #SID: 94 110 114 129 157 188 225 246 281 294 318 319 332 359 377 422 453 480 484 488 509 518 523 527 534 574 604 609 615 621 635 655 662 663 674
14 -1 14 -1 14 -1 14 -1 14 -1 #SUP: 52 #SID: 2 36 39 44 51 69 109 141 144 157 161 165 176 186 188 226 246 271 281 286 309 319 323 356 371 380 383 422 431 435 449 453 464 479 482 514 522 523 527 530 532 537 555 570 574 609 615 633 635 661 663 667
